names	vc	vc1-9	givenName	blockAm	colClust	congestion	pointAmVert	prtAllSizeN	quadBig	quadSmall	rosen	salObjNum	singleSizeDom	symmetry	whiteSpace
http___edizionidelfoglioclandestino.it.png	-0.0727098333887158	4.98880814634827	6896222428.png	9	15	0.91244	19	9	0.058492	30.3866	4.6563	3	0.2173	1.8939	0.61427
http___las.ups.urbe.it.png	-0.533320322805142	4.31025660104503	8446222511.png	13	16	0.75384	28	10	0.06485	15.9454	3.4866	4	0.31269	1.6256	0.492
http___www.addaeditore.it.png	0.57960449791093	5.94976953931961	6906222514.png	31	19	0.79062	51	12	0.048319	24.2767	5.0117	8	0.2238	5.0639	0.30136
http___www.adeaedizioni.it.png	-0.42558241492681	4.46897144918321	3236222514.png	13	10	0.73363	28	8	0.052134	19.296	3.9294	5	0.26186	2.8585	0.34358
http___www.adelphi.it.png	-0.701644910010915	4.06228806497085	8756222514.png	10	13	0.77071	24	11	0.058492	16.1667	3.0295	2	0.42596	2.7103	0.19956
http___www.albertilibraio.it.png	-0.412697182410168	4.48795341906157	6006222515.png	24	13	0.76504	38	7	0.080109	18.6259	3.7558	4	0.37492	2.5763	0.4135
http___www.alcyone.it.png	-0.17653485458095	4.83585759443967	8956222515.png	23	11	0.88575	34	6	0.073751	19.6813	4.1809	8	0.31806	3.1138	0.63235
http___www.alinari.it.png	-0.610962914558489	4.19587687712183	2726222515.png	15	18	0.60408	23	9	0.071208	19.324	3.8305	6	0.57202	4.2291	0.23634
http___www.alphatest.it.png	-0.0126500642035141	5.07728561294441	1886222516.png	13	12	0.85684	33	7	0.067393	23.6422	4.673	8	0.55213	2.1898	0.30722
http___www.ancora-libri.it.png	-0.0904014321118982	4.96274564467205	8786222516.png	22	15	0.63344	39	11	0.059764	22.8793	4.652	6	0.34855	3.847	0.33745
http___www.artbooks.it.png	-0.839431340202581	3.8593070272467	2126222517.png	7	8	0.89827	12	5	0.06485	17.0581	3.5185	3	0.37131	1.8383	0.61433
http___www.avaglianoeditore.it.png	-0.969050057301117	3.66835831285927	9636222518.png	8	11	0.68766	22	8	0.083923	17.1153	3.8217	1	0.45185	2.1733	0.43963
http___www.baskerville.it.png	-0.976288790778664	3.65769452230285	2096222518.png	9	10	0.88489	28	6	0.103	12.3113	2.0126	6	0.28227	3.4318	0.35418
http___www.besaeditrice.it.png	-0.952554705157336	3.69265855556903	406222519.png	13	10	0.87808	26	11	0.099182	13.2078	3.015	3	0.1655	2.9329	0.65941
http___www.betagamma.it.png	-0.499841032832328	4.35957684986414	2506222519.png	17	16	0.70638	34	12	0.062307	15.3859	3.1494	4	0.14391	3.7468	0.68452
http___www.biblink.it.png	-0.30474475849707	4.64698428298798	9646222519.png	12	10	0.88986	23	9	0.063578	19.7283	4.6216	7	0.43692	2.4994	0.42503
http___www.bibliosofica.it.png	-0.207069588286899	4.79087513915984	4026222520.png	8	9	0.91772	21	7	0.05722	25.1071	5.2354	3	0.39816	2.9378	0.29836
http___www.bibliotecafrancescana.it.png	-0.61554223728107	4.18913081601109	9806222520.png	7	21	0.70791	21	7	0.071208	17.8731	3.9869	2	0.36845	3.2391	0.45337
http___www.bietti.it.png	-0.174130735154181	4.83939923969007	6526222520.png	12	10	0.89005	23	9	0.062307	22.6936	5.3781	6	0.40835	3.9819	0.37875
http___www.bluedizioni.it.png	-0.565332063483136	4.26309828267408	6096222523.png	10	14	0.79598	30	8	0.091553	15.7852	3.3203	9	0.30556	2.4032	0.43177
http___www.bollatiboringhieri.it.png	-1.24505071049426	3.26176603145859	606222523.png	10	8	0.61311	25	5	0.103	12.5402	2.6717	7	0.32775	2.5275	0.50902
http___www.bompiani.rcslibri.it.png	-0.220761561956694	4.7707047129421	8706222524.png	18	14	0.73532	32	10	0.05722	20.0386	4.3256	6	0.26119	4.339	0.46052
http___www.bonomieditore.it.png	0.784780946797665	6.25202665167568	1596222524.png	16	22	0.89461	40	8	0.049591	28.1588	6.8469	7	0.32211	3.9606	0.34647
http___www.calderini.it.png	-0.0853183310408607	4.9702338503598	9626222524.png	15	18	0.84161	33	12	0.080109	21.1906	4.7091	7	0.33434	3.5042	0.41458
http___www.calzetti-mariucci.it.png	0.375599218914521	5.64923774403112	226222525.png	9	24	0.68691	21	10	0.039419	32.3881	6.5287	6	0.35857	3.8229	0.176
http___www.carocci.it.png	-0.0286784250727782	5.05367332167788	6306222525.png	20	20	0.74757	37	10	0.076294	20.2624	4.211	10	0.36857	3.0642	0.34172
http___www.cdavivalda.it.png	0.36875000033189	5.6391477700506	8076222525.png	24	14	0.90081	43	13	0.062307	25.9666	5.6802	5	0.27639	3.7828	0.32185
http___www.centrodocpistoia.it.png	-0.787612098487282	3.93564490350069	3626222526.png	6	11	0.85462	21	8	0.094096	16.463	3.3461	7	0.21579	2.7475	0.57044
http___www.cierrenet.it.png	-1.38523566942225	3.05525158444855	5516222526.png	8	6	0.83477	20	8	0.10808	7.5137	1.9477	7	0.12397	2.045	0.61875
http___www.cittanuova.it.png	0.651259969897737	6.05532929612776	6806222527.png	13	12	0.83856	32	10	0.025431	31.2805	6.7581	8	0.2827	4.0521	0.27348
http___www.clinamen.it.png	-0.049910179384309	5.02239561518049	3626222527.png	20	10	0.90038	36	11	0.078837	22.4902	4.5208	9	0.23698	3.2028	0.44362
http___www.cliquot.it.png	-1.06005802999988	3.53428928506119	4686222527.png	5	6	0.86587	21	6	0.090281	12.7945	3.2314	3	0.35615	0.95625	0.58064
http___www.cse.it.png	0.556454242268503	5.91566557924646	7256222527.png	18	13	0.87067	44	8	0.034332	26.1726	5.8061	5	0.38321	2.6751	0.2688
http___www.danna.it.png	0.324275405558611	5.57362971150969	4466222528.png	16	14	0.87605	38	10	0.053406	25.8725	5.7933	5	0.24239	3.0984	0.45226
http___www.darioflaccovio.it.png	-0.0150562174966774	5.07374097148958	7626222529.png	15	14	0.88767	36	12	0.072479	21.7133	4.5049	7	0.27298	3.8624	0.39752
http___www.deagostini.it.png	0.585289799890447	5.95814488146304	3766222529.png	10	22	0.66256	49	9	0.029246	23.8889	4.8712	8	0.68076	2.9778	0.14696
http___www.delbiancoeditore.it.png	-1.34444701597245	3.11533967289886	6926222530.png	4	10	0.81872	19	5	0.092824	7.4666	1.9559	3	0.18469	0.71399	0.78667
http___www.diabasis.it.png	-1.15789484692708	3.39016029790413	2286222530.png	15	15	0.60378	16	4	0.086466	14.4246	3.3925	3	0.47399	0.79242	0.43136
http___www.direnzo.it.png	-0.0505180513178403	5.02150012441482	9666222531.png	13	9	0.86781	26	8	0.048319	22.8399	4.8875	8	0.55081	2.5327	0.31712
http___www.donzelli.it.png	-0.680526886989262	4.09339822742773	9596222531.png	8	16	0.68064	18	6	0.072479	21.3877	4.1106	3	0.4665	2.596	0.36304
http___www.edagricole.it.png	-0.00645109775901745	5.08641766346615	9736222531.png	11	13	0.90397	21	9	0.085195	27.3323	7.446	5	0.33718	1.8083	0.47922
http___www.edarc.it.png	-0.121391755364224	4.91709203448407	3746222531.png	15	14	0.88538	33	7	0.052134	19.4244	3.9694	4	0.17603	1.5676	0.60645
http___www.edidomus.it.png	0.111052163258547	5.25951840948402	1296222532.png	17	17	0.83846	33	7	0.061035	27.139	5.7503	1	0.31361	3.5416	0.28712
http___www.editcsa.it.png	-0.211042013546649	4.78502313326649	4266222532.png	13	13	0.79508	36	11	0.087738	24.0339	5.046	4	0.26031	2.3425	0.46729
http___www.editoririuniti.it.png	0.376223467150465	5.65015735966056	8946222533.png	12	13	0.92929	51	12	0.041962	22.4978	3.6092	5	0.3708	4.2247	0.31182
http___www.editricesanmarco.it.png	0.0536091268794394	5.17489580101642	7066222533.png	21	10	0.87853	36	11	0.063578	25.2406	5.9443	2	0.32189	3.2553	0.40442
http___www.edizioni-tangram.it.png	0.221787886442606	5.4226495100849	9206222533.png	22	12	0.89813	38	9	0.045776	22.5474	4.9348	6	0.36325	2.7666	0.35275
http___www.edizioniantilia.it.png	-1.05041910456441	3.54848893508997	7956222533.png	8	5	0.89264	16	5	0.072479	11.8828	2.8497	4	0.31795	1.1615	0.6032
http___www.edizionicreativa.it.png	-0.23212448109389	4.75396534960396	2106222534.png	16	7	0.89969	37	8	0.076294	20.2599	5.1369	3	0.2415	3.0014	0.41908
http___www.edizionidedalo.it.png	-0.406422623738487	4.49719682879842	986222535.png	14	7	0.89395	29	9	0.061035	18.308	3.7855	5	0.27608	3.0818	0.42811
http___www.edizionidelfaro.it.png	-0.222044181716353	4.76881521272456	9926222536.png	19	17	0.78931	35	13	0.080109	19.9827	4.5556	5	0.1785	3.7891	0.50313
http___www.edizionidelpoggio.it.png	-0.746495043963328	3.99621677827691	5006222537.png	7	9	0.8435	29	7	0.082652	15.8246	3.2368	3	0.289	1.5739	0.5203
http___www.edizionihelvetia.it.png	0.666017236917292	6.07706906665113	8926222537.png	23	11	0.95891	36	9	0.041962	31.9964	7.8171	2	0.30834	3.4462	0.42046
http___www.edizioniquasar.it.png	-0.0768359363880116	4.98272974902432	676222537.png	12	13	0.89268	38	10	0.08901	22.5347	5.4705	4	0.33199	1.6353	0.27411
http___www.edizioniscantabauchi.it.png	0.899284183813079	6.42070789147434	2006222538.png	7	19	0.92491	27	5	0.031789	34.3424	7.6103	8	0.68055	2.2716	0.24324
http___www.edizpiemme.it.png	-0.267416735669946	4.70197431937328	9196222538.png	12	19	0.56232	32	9	0.047048	22.1265	4.5113	2	0.53064	4.9658	0.19222
http___www.effequ.it.png	-0.942441853937708	3.70755637266216	5206222538.png	12	7	0.79639	28	10	0.094096	13.3273	2.9249	6	0.14133	3.7452	0.57419
http___www.egeaonline.it.png	-0.126415767436517	4.90969087616569	3916222538.png	11	8	0.84121	31	8	0.049591	21.0559	5.029	5	0.42877	4.963	0.37838
http___www.electaweb.it.png	0.295363195677359	5.53103748848431	9396222539.png	25	12	0.9556	44	13	0.062307	27.6972	3.948	6	0.22314	4.7643	0.35757
http___www.eleuthera.it.png	-1.3537904335118	3.10157535238204	446222539.png	9	5	0.90394	20	8	0.10554	8.6861	2.4052	3	0.28336	1.2721	0.52156
http___www.emi.it.png	0.000131539892226973	5.09611492189395	8996222539.png	15	20	0.81628	35	11	0.071208	20.5243	4.8531	6	0.28444	3.0568	0.26806
http___www.enzodelfinoeditore.it.png	0.0863627756128509	5.22314706639801	9386222539.png	15	15	0.96523	29	10	0.058492	25.3181	5.3427	2	0.42337	5.083	0.12733
http___www.eremonedizioni.it.png	-0.224138926383819	4.76572932505204	6396222539.png	11	8	0.8593	33	8	0.072479	19.8835	4.5961	8	0.52137	2.5833	0.38512
http___www.erga.it.png	-1.56392905644811	2.79200817882075	5016222539.png	8	10	0.54542	18	12	0.091553	9.9106	2.0297	3	0.2089	1.7017	0.68739
http___www.erickson.it.png	0.504578626763635	5.83924465555238	9176222540.png	18	24	0.78999	36	11	0.036875	28.2707	5.1222	5	0.41744	3.9237	0.23113
http___www.etaslab.it.png	-0.396754690068816	4.51143921250912	7806222541.png	19	10	0.74781	35	9	0.054677	17.3747	3.4355	5	0.28906	4.4262	0.51085
http___www.fabbri.rcslibri.it.png	-0.205072611596527	4.79381699925709	4716222541.png	16	18	0.73738	29	10	0.048319	18.8828	3.8831	6	0.20912	4.0166	0.47087
http___www.fanucci.it.png	-0.550465026983042	4.28499976087098	9526222541.png	10	16	0.77452	24	9	0.083923	18.3576	4.3336	5	0.26949	2.6352	0.30905
http___www.faraeditore.it.png	-0.0985780853455904	4.95070015110511	4136222542.png	10	14	0.88691	21	7	0.068665	22.6784	5.094	10	0.31384	2.4122	0.38149
http___www.faustedizioni.it.png	-0.228877113646243	4.75874923153978	7786222542.png	6	21	0.60695	25	5	0.035604	21.1627	3.9323	5	0.44632	2.8618	0.26563
http___www.feltrinelli.it.png	0.908621948875593	6.43446388500561	3246222542.png	11	25	0.73915	36	11	0.035604	33.7346	7.1676	8	0.43392	2.6615	0.21043
http___www.fga.it.png	-0.32910949559681	4.61109120111119	1276222542.png	13	16	0.8354	30	9	0.086466	18.8459	4.0456	8	0.34274	4.7692	0.28983
http___www.forme-libere.it.png	-0.314763465916092	4.63222515448934	4816222542.png	15	14	0.83663	44	10	0.092824	17.9036	3.2411	6	0.34547	4.2071	0.24657
http___www.fuoco-edizioni.it.png	0.468904840113792	5.78669156869424	6496222542.png	12	23	0.76823	31	9	0.041962	30.4985	6.464	3	0.32257	3.0279	0.41119
http___www.fustaeditore.it.png	1.06177131734702	6.66007694208159	9746222543.png	13	21	0.82688	37	6	0.015259	34.125	6.8612	8	0.77269	2.9459	0.090846
http___www.gaffi.it.png	-0.532282817337689	4.31178500943863	2776222543.png	11	6	0.97771	27	9	0.078837	18.0219	3.0551	7	0.31847	2.8889	0.47347
http___www.gamberorosso.it.png	-0.659101889200227	4.12496061189772	3676222543.png	11	17	0.59631	21	7	0.073751	19.4041	4.9718	3	0.46821	2.1424	0.33002
http___www.gangemieditore.it.png	0.481596382553283	5.80538820268864	7246222544.png	12	13	0.88842	39	8	0.04069	27.7621	6.1516	4	0.54388	6.5946	0.15308
http___www.garamond.it.png	-1.64393185875087	2.67415149431514	1126222544.png	7	5	0.86395	16	6	0.12843	9.0218	2.2232	3	0.13226	1.0852	0.80691
http___www.gianninieditore.it.png	-0.187392531602107	4.81986253203794	4716222544.png	14	12	0.75029	40	11	0.05722	20.2802	3.3835	6	0.24498	3.5499	0.32111
http___www.giunti.it.png	0.0648920286943392	5.19151728627983	9486222544.png	11	19	0.76237	29	9	0.045776	23.7948	4.4655	7	0.33121	2.3579	0.28805
http___www.giuntina.it.png	1.06030260775598	6.65791330233499	2466222544.png	29	19	0.88781	46	8	0.02416	32.4046	7.1265	4	0.42244	3.8839	0.20542
http___www.golemlibri.it.png	-0.586155147572554	4.23242261155605	6556222544.png	6	9	0.73295	34	4	0.066121	14.9409	3.211	6	0.6683	2.2974	0.28056
http___www.grafill.it.png	0.758454149676945	6.21324314743594	2266222545.png	15	24	0.76557	39	6	0.029246	29.705	6.6929	4	0.63276	4.7091	0.19037
http___www.graphe.it.png	0.546322935620034	5.90074057441001	6126222545.png	18	13	0.8623	52	10	0.021617	22.8462	5.0577	2	0.32908	3.499	0.39589
http___www.grecoegrecoeditori.it.png	-1.00444878857475	3.61621042574117	5916222545.png	8	16	0.72633	25	7	0.097911	12.2592	1.803	8	0.42373	1.5608	0.21391
http___www.guaraldi.it.png	-0.293939470190066	4.66290216859118	7596222545.png	11	13	0.85861	25	10	0.062307	21.1042	5.0559	2	0.29272	1.4644	0.42463
http___www.guida.it.png	0.869672466859276	6.37708518474106	4996222546.png	34	16	0.83773	57	11	0.036875	29.4978	5.9259	4	0.25859	4.7061	0.32815
http___www.hedison.it.png	1.02071369831898	6.59959262511945	2236222546.png	21	19	0.88403	38	8	0.01653	29.1786	7.0787	9	0.40113	3.1681	0.27294
http___www.ideabooks.it.png	0.00332534118034939	5.10081989246939	536222546.png	21	12	0.87198	41	12	0.063578	20.7011	4.7535	4	0.22253	4.1134	0.49822
http___www.ilcerchio.it.png	0.573996733820821	5.94150842265711	2066222546.png	11	15	0.76833	44	10	0.039419	27.1861	6.1727	7	0.5166	3.1153	0.31045
http___www.ilfiloonline.it.png	-0.121621451459058	4.91675365608479	1186222546.png	10	14	0.79016	30	7	0.066121	23.7872	4.8534	6	0.31555	2.0187	0.40808
http___www.ilgrappolo.it.png	-0.264736727938292	4.7059223913984	2026222547.png	28	6	0.75449	38	11	0.05722	20.5599	4.5803	4	0.21174	2.0259	0.2932
http___www.ilisso.it.png	-0.54318202728714	4.29572876251478	76222547.png	6	19	0.62754	16	5	0.06485	19.942	4.7414	6	0.72423	2.0126	0.24975
http___www.indigo-editore.it.png	0.119205684149289	5.27152982547909	5086222547.png	5	23	0.77856	35	7	0.063578	23.3154	4.6188	6	0.5565	1.897	0.33098
http___www.infomedia.it.png	0.123575861142383	5.27796778210416	9036222547.png	16	13	0.79805	41	12	0.063578	24.6531	5.2575	5	0.38457	3.9886	0.33368
http___www.instarlibri.it.png	-1.2897874447316	3.19586180034343	46222548.png	6	8	0.69263	15	5	0.083923	12.4842	2.758	4	0.36885	1.6384	0.58085
http___www.jouvence.it.png	-0.0324849254036496	5.04806574924726	9956222548.png	13	17	0.82036	32	9	0.067393	22.5614	5.4128	4	0.33313	2.6486	0.45851
http___www.kappavu.it.png	-1.28645705291845	3.20076799020059	9126222548.png	6	7	0.78507	17	7	0.10045	11.9069	1.908	8	0.30187	1.8024	0.51618
http___www.keltia.it.png	0.202200299843138	5.39379392068513	7246222549.png	18	11	0.9026	49	13	0.077566	23.4146	4.9271	6	0.19898	5.6167	0.42337
http___www.kimerik.it.png	-0.158701395513251	4.86212907866883	2156222549.png	9	16	0.77615	24	7	0.043233	23.084	4.7156	3	0.59329	2.2462	0.35953
http___www.kioneditrice.it.png	-0.272213067036679	4.69490857046946	3586222550.png	9	9	0.91027	28	7	0.049591	18.9234	4.3299	3	0.38943	2.564	0.34007
http___www.kogoiedizioni.it.png	-0.739302878515182	4.00681196681701	8926222550.png	14	9	0.69566	40	13	0.10173	13.8639	3.2041	8	0.21283	3.2012	0.4403
http___www.lampidistampa.it.png	0.1060675545176	5.2521752984572	9986222550.png	11	20	0.82067	28	10	0.055949	23.8953	5.2438	6	0.36274	2.1262	0.26191
http___www.laruffaeditore.it.png	-0.465132448860202	4.41070804168613	9166222550.png	9	17	0.6144	25	8	0.075022	19.8873	4.2909	9	0.41334	2.6315	0.29754
http___www.laterza.it.png	-0.697694233282786	4.06810803186361	7286222550.png	14	12	0.79726	39	8	0.11444	18.3907	3.1362	4	0.45934	2.1601	0.30106
http___www.lavieri.it.png	-0.0400214756904289	5.03696322778747	1726222550.png	11	14	0.87258	27	8	0.072479	23.6562	5.5796	7	0.2723	3.0957	0.46736
http___www.lededizioni.it.png	-0.777158636858804	3.95104449318602	9906222551.png	6	11	0.80923	21	8	0.082652	16.1985	3.7031	5	0.20771	1.0535	0.57942
http___www.leg.it.png	-0.655570931108187	4.13016226736325	7646222551.png	8	12	0.7603	21	7	0.080109	17.7816	4.3526	6	0.28803	1.7705	0.48182
http___www.leoneverde.it.png	0.157927113030769	5.32857256768231	3326222551.png	5	15	0.85155	31	5	0.061035	26.7181	5.825	5	0.65531	2.4522	0.14857
http___www.liguori.it.png	0.427935282469112	5.72633697997133	6026222551.png	26	12	0.90767	46	12	0.053406	24.1992	4.9998	8	0.22428	3.4892	0.34861
http___www.loescher.it.png	-0.276535056482189	4.68854160166519	8956222551.png	15	4	0.90479	26	10	0.06485	24.1623	5.2228	4	0.19236	2.9362	0.54537
http___www.logisma.it.png	0.416337286363928	5.70925131136321	9566222552.png	13	22	0.87883	41	11	0.067393	26.4587	5.7051	4	0.2535	2.3629	0.38954
http___www.logus.it.png	-1.19823526465922	3.33073253101805	2566222552.png	7	11	0.63942	23	6	0.087738	11.8713	2.2914	5	0.18967	1.1717	0.64363
http___www.longanesi.it.png	-0.107567162787005	4.93745782916743	1246222552.png	8	12	0.77301	37	6	0.078837	25.5369	5.0302	5	0.79118	1.0193	0.18978
http___www.longo-editore.it.png	0.647966929679007	6.05047813103164	7276222552.png	17	9	0.84947	41	12	0.043233	31.3059	7.6288	5	0.31495	4.5237	0.32083
http___www.macroedizioni.it.png	-0.345010413839598	4.58766665283602	5306222552.png	25	11	0.88978	34	8	0.077566	17.9799	4.5382	3	0.26976	2.9732	0.26653
http___www.mandragora.it.png	-0.170669265357318	4.84449852799039	1976222553.png	18	10	0.88253	30	13	0.058492	17.7816	4.0138	10	0.24248	3.1213	0.43903
http___www.manifestolibri.it.png	0.19296557254725	5.38018971795623	2926222553.png	15	8	0.84063	38	14	0.052134	26.7944	5.9803	4	0.15833	1.9048	0.51095
http___www.mannieditori.it.png	0.531208592527948	5.87847477478748	5136222553.png	24	11	0.9061	39	6	0.020345	25.6844	5.6324	5	0.55498	4.3032	0.20122
http___www.marchettieditore.it.png	0.222741680076984	5.42405459780952	8606222553.png	14	18	0.7834	30	6	0.043233	28.2262	5.9537	2	0.44226	4.4276	0.28481
http___www.marsilioeditori.it.png	-0.186160249352876	4.82167787720197	8576222554.png	5	14	0.80876	15	5	0.050863	25.6856	4.9632	7	0.74038	1.8862	0.25738
http___www.masson.it.png	-0.155689447300396	4.86656615112195	7386222554.png	17	16	0.85311	38	12	0.063578	17.4739	3.6541	5	0.1774	5.0626	0.43077
http___www.meltemieditore.it.png	1.03077774670828	6.61441854798372	6706222554.png	27	11	0.90149	43	11	0.034332	34.2344	7.6899	9	0.41677	5.3428	0.24596
http___www.meridianozero.it.png	0.228149377264402	5.43202098452317	3426222554.png	13	8	0.79013	26	11	0.033061	29.6618	6.4302	6	0.25327	2.4552	0.33003
http___www.mess-s-antonio.it.png	0.531246998328939	5.87853135256027	3216222554.png	5	18	0.90843	26	5	0.049591	31.6989	6.4323	8	0.71557	4.0318	0.13625
http___www.metauroedizioni.it.png	-0.647653742862492	4.14182552827895	5496222555.png	7	6	0.89064	17	7	0.062307	21.6599	3.6789	3	0.36416	3.9124	0.46609
http___www.morcelliana.it.png	-0.714206121000113	4.0437834296587	4696222555.png	9	6	0.61613	36	8	0.073751	15.021	3.2964	8	0.28613	1.6029	0.54029
http___www.mottaeditore.it.png	-1.6664983967333	2.64090744197165	546222555.png	2	6	0.60087	8	4	0.078837	10.0021	2.145	3	0.24305	0.98682	0.6114
http___www.nardinieditore.it.png	0.858708253163441	6.36093317709623	336222556.png	14	17	0.85245	44	11	0.010173	29.5715	5.9438	4	0.36569	3.7806	0.19341
http___www.neripozza.it.png	0.938295180041776	6.47817721182859	4576222556.png	17	17	0.88103	37	9	0.015259	33.8542	7.3242	3	0.28622	6.5908	0.26966
http___www.ninoaragnoeditore.it.png	0.347184472311512	5.60737836249315	9956222557.png	7	12	0.93049	27	7	0.033061	28.8607	6.2697	3	0.72512	2.4369	0.14735
http___www.novecentolibri.it.png	-0.445442456538886	4.43971449078712	9236222559.png	6	6	0.66966	17	6	0.068665	26.4308	6.5988	5	0.47898	2.639	0.33717
http___www.nuoveedizioniromane.it.png	0.111491759762517	5.26016600413054	2466222560.png	13	15	0.86851	27	8	0.063578	26.7131	6.108	5	0.24907	1.1216	0.49334
http___www.olschki.it.png	-0.9072762579559	3.75936081490401	996222560.png	17	8	0.79364	38	9	0.097911	13.4862	2.3477	3	0.35683	2.438	0.38397
http___www.otto.to.it.png	-0.622942239962927	4.17822945060497	6846222561.png	4	22	0.58743	17	2	0.078837	18.6933	4.0579	9	0.77543	2.1253	0.2132
http___www.ottolibri.it.png	-0.191874759533308	4.81325950679426	4036222561.png	10	13	0.81948	25	7	0.043233	20.5447	4.4086	5	0.45752	2.47	0.24864
http___www.palladioeditrice.it.png	-0.252988241368671	4.72322975608062	3906222563.png	10	9	0.84242	43	7	0.094096	21.0635	4.8158	4	0.39623	2.6535	0.46244
http___www.palombieditori.it.png	-0.350768937995692	4.57918344293402	3896222564.png	36	13	0.87128	46	10	0.086466	15.7	2.9998	4	0.14323	3.2712	0.47254
http___www.panini.it.png	0.287348486236649	5.51923056354206	7716222564.png	6	26	0.70358	30	9	0.054677	29.2943	6.3887	2	0.554	1.3445	0.28668
http___www.paoline.it.png	-0.669956092227975	4.10897066723353	786222564.png	9	13	0.70953	19	9	0.072479	16.379	3.3092	11	0.49519	2.5581	0.35933
http___www.paravia.it.png	0.394017556334517	5.67637084587187	9866222564.png	21	14	0.83191	43	11	0.04069	24.587	5.415	5	0.35434	3.7835	0.32324
http___www.pensiero.it.png	-0.0658476294864908	4.99891724974264	8986222564.png	15	14	0.91136	21	6	0.052134	25.074	5.0934	4	0.39859	2.859	0.37997
http___www.piccoli.it.png	0.173685611406482	5.35178730913999	2706222565.png	15	15	0.86894	28	10	0.049591	26.7105	5.823	4	0.15211	2.5865	0.56043
http___www.planetbook.it.png	-0.0120810701135552	5.07812383054449	2886222565.png	13	9	0.86385	29	8	0.053406	24.6646	5.5072	5	0.36205	3.6246	0.3058
http___www.polimata.it.png	-0.215924216534971	4.77783088198622	5306222565.png	17	11	0.75698	43	12	0.049591	19.5643	2.5972	5	0.23566	3.5517	0.40533
http___www.ponteallegrazie.it.png	-0.403018797158884	4.5022111995924	7296222565.png	18	10	0.78797	38	15	0.063578	16.4223	3.8319	3	0.21919	4.0642	0.49315
http___www.pragmaedizioni.it.png	-0.357433442634134	4.56936558158478	1886222566.png	9	8	0.91488	25	6	0.076294	21.5098	4.9032	5	0.37361	3.1686	0.30472
http___www.progettocultura.it.png	0.284032814939327	5.51434605931515	5256222566.png	5	17	0.90857	28	4	0.062307	28.8124	5.6988	7	0.80197	3.5421	0.1565
http___www.provadautore.it.png	-0.371041498392838	4.54931877962128	8726222566.png	20	11	0.8031	44	10	0.063578	15.021	2.5008	5	0.1969	2.4808	0.52024
http___www.pul.it.png	0.433467496233237	5.73448679914577	746222566.png	13	15	0.84127	37	10	0.036875	27.0042	6.0375	4	0.27502	3.1196	0.32984
http___www.qiqajon.it.png	-1.04822787893962	3.55171695435564	4426222566.png	9	6	0.90788	22	9	0.10681	13.4824	3.4742	4	0.26589	2.8466	0.51201
http___www.queriniana.it.png	0.226427531282629	5.4294844351424	7306222566.png	30	21	0.69783	47	11	0.045776	20.991	5.0667	2	0.1552	2.7268	0.37626
http___www.quiedit.it.png	-0.0770811758411882	4.98236847281862	4516222567.png	12	11	0.9139	26	10	0.053406	20.0996	4.793	8	0.33497	2.0065	0.42009
http___www.raffaellocortina.it.png	0.500140207455491	5.83270616728638	7576222567.png	14	9	0.69364	36	10	0.020345	31.1686	6.5105	7	0.37593	3.7604	0.30442
http___www.raffaelloeditrice.it.png	-0.533539667496051	4.30993347188842	8856222567.png	5	18	0.75318	16	4	0.08901	22.3834	4.3596	8	0.62905	2.0951	0.30043
http___www.rcslibri.it.png	-0.708715266321404	4.05187232040887	7836222567.png	9	11	0.72701	22	11	0.062307	16.3333	3.5416	5	0.4965	2.1904	0.3151
http___www.reteambiente.it.png	1.03825453692453	6.62543303348008	4016222591.png	19	9	0.92735	32	8	0.01653	39.2787	8.54	5	0.60307	2.7385	0.23583
http___www.rizzoli.rcslibri.it.png	-0.299390568125312	4.65487184576409	9886222592.png	17	11	0.73583	31	9	0.058492	20.2128	4.3582	6	0.36036	4.1319	0.44854
http___www.salettadelluva.it.png	-1.3514614222913	3.10500635145612	7266222592.png	8	8	0.75024	22	8	0.092824	8.812	2.3603	2	0.31434	1.0188	0.56117
http___www.sandron.it.png	1.21863459487266	6.89116117010515	3016222593.png	27	17	0.93228	50	11	0.026703	31.4051	7.4805	7	0.19081	6.003	0.37625
http___www.sandrotetieditore.it.png	-0.31567439906654	4.63088320698466	5316222593.png	13	16	0.88001	25	9	0.058492	16.5647	3.7647	6	0.22876	1.874	0.43845
http___www.sanna.it.png	-0.322998548700255	4.62009358502384	2696222594.png	8	7	0.88371	28	7	0.073751	21.5162	4.7412	6	0.47124	2.7355	0.41589
http___www.scribaweb.it.png	-0.544429391290796	4.29389119955934	7836222594.png	13	16	0.86454	36	6	0.10173	16.8063	2.9499	5	0.37747	4.4487	0.41216
http___www.scritturascritture.it.png	0.182509416633337	5.36478615916558	2676222594.png	17	11	0.70321	40	12	0.036875	25.5	5.2589	5	0.20499	3.0501	0.39937
http___www.seac.it.png	0.406685738741561	5.69503306687203	7996222595.png	5	13	0.72304	27	6	0.021617	33.7626	6.1993	5	0.64873	2.2295	0.23357
http___www.sesatedizioni.it.png	0.218248380413819	5.41743526216692	9836222595.png	13	12	0.86577	26	10	0.035604	26.3011	5.7919	6	0.25609	2.2423	0.48971
http___www.settecitta.it.png	-0.706652182148469	4.05491156720373	8446222595.png	12	11	0.71974	27	10	0.077566	16.0955	4.4022	3	0.348	3.6863	0.45665
http___www.sistemieditoriali.it.png	0.349990988787595	5.61151280175479	7246222596.png	21	20	0.82237	41	10	0.053406	24.6913	5.1604	5	0.19468	4.327	0.45067
http___www.sonzogno.rcslibri.it.png	-0.632546971990023	4.16408017283349	1296222596.png	16	7	0.88492	34	9	0.094096	16.8444	3.7047	4	0.27708	2.3468	0.47557
http___www.spolia.it.png	-0.270053341751372	4.69809018479099	3496222596.png	8	18	0.91412	20	8	0.080109	22.4368	4.5268	6	0.30174	0.9975	0.47098
http___www.springer.it.png	-0.324414093688571	4.61800826508142	7566222596.png	17	13	0.8624	33	8	0.066121	18.2279	4.2203	2	0.24486	2.7493	0.47665
http___www.stampalternativa.it.png	0.450862954717969	5.76011303977053	9536222597.png	18	10	0.91366	37	9	0.021617	28.8302	5.4998	2	0.29575	2.518	0.42736
http___www.stamperiastampeantiche.it.png	0.914349892841515	6.44290204548782	4046222597.png	24	11	0.84225	38	7	0.017802	34.7315	7.5907	6	0.35569	4.2923	0.39517
http___www.stiloeditrice.it.png	0.557137043461667	5.91667145257197	9646222598.png	34	10	0.77977	49	12	0.02416	27.5485	6.1642	2	0.29221	4.9128	0.37798
http___www.styloseditrice.it.png	-0.785005962743511	3.93948415049319	4646222598.png	8	12	0.82096	20	6	0.08138	15.9531	4.2905	2	0.4842	1.3046	0.43611
http___www.tekaedizioni.it.png	0.0381436367353077	5.15211270667251	3316222598.png	12	16	0.8212	26	7	0.059764	26.474	5.6389	5	0.3071	2.9686	0.18383
http___www.tempovissuto.it.png	-1.01129015469203	3.60613201967459	2996222599.png	11	17	0.73631	20	8	0.10554	17.0275	3.4061	2	0.19256	2.521	0.60608
http___www.touringclub.it.png	-0.174433506389575	4.83895321013936	2336222599.png	7	14	0.71492	27	5	0.048319	21.2148	4.9805	6	0.5502	1.9784	0.24747
http___www.tramontana.it.png	-0.0465868768889041	5.02729136135992	2146222600.png	8	14	0.85376	29	6	0.078837	24.8235	5.7845	6	0.37101	2.2105	0.29512
http___www.tulliopironti.it.png	0.101182896860581	5.24497943106467	9646222600.png	11	14	0.77227	33	6	0.052134	23.229	5.2593	8	0.56258	2.0141	0.32079
http___www.unmondoaparte.it.png	-0.217294623278766	4.77581205776258	5076222601.png	5	13	0.8977	25	6	0.076294	25.0791	4.9142	4	0.50307	2.0155	0.3872
http___www.utopia.it.png	-1.04886486676629	3.55077857130954	2586222601.png	6	12	0.8817	19	7	0.096639	13.1938	2.7495	3	0.18539	1.2199	0.7081
http___www.vanninieditrice.it.png	-0.247151811553333	4.73182773324625	6776222602.png	6	17	0.822	28	6	0.054677	17.6951	4.0104	5	0.63341	2.627	0.17781
http___www.venexia.it.png	-0.0588375011546437	5.00924426903908	2936222602.png	14	17	0.75558	31	11	0.06485	24.6862	4.2025	8	0.28167	2.2346	0.36923
http___www.villadiseriane.it.png	0.384792081335151	5.66278027322792	4146222602.png	12	18	0.77998	33	11	0.041962	26.0811	6.8896	4	0.24367	2.9235	0.39827
http___www.xenia.it.png	-0.372729280010046	4.54683241239603	7366222602.png	13	12	0.75843	32	8	0.06485	19.7754	4.1459	4	0.48013	2.4959	0.3485
